mean: 71.32583497587567
median: 81.64942101476885
stddev: 17.965867230538574
